0 15 -317 2425
1 62 -375 2287
2 67 -397 2265
3 73 -422 2252
4 78 -442 2234
5 83 -462 2219
6 91 -485 2196
7 91 -494 2187
8 88 -503 2178
9 81 -517 2173
10 71 -531 2175
11 63 -539 2171
12 56 -549 2171
13 50 -559 2176
14 47 -574 2177
15 43 -590 2178
16 39 -606 2185
17 34 -625 2187
18 29 -645 2197
19 23 -669 2209
20 16 -693 2217
21 11 -720 2233
22 4 -747 2252
23 4 -775 2271
24 -9 -797 2288
25 -14 -814 2298
26 -27 -845 2326
27 -33 -856 2339
28 -41 -870 2354
29 -51 -883 2373
30 -62 -895 2387
31 -77 -906 2411
32 -93 -913 2426
33 -111 -914 2442
34 -132 -912 2455
35 -154 -911 2471
36 -176 -900 2483
37 -343 -745 2507
38 -360 -726 2507
39 -371 -699 2496
40 -384 -677 2483
41 -384 -677 2483
42 -398 -627 2450
43 -401 -605 2439
44 -400 -579 2419
45 -393 -558 2398
46 -384 -533 2378
47 -373 -513 2363
48 -357 -496 2340
49 -325 -471 2293
50 -307 -462 2273
51 -289 -454 2250
52 -269 -443 2231
53 -251 -431 2219
54 -230 -426 2203
55 -209 -412 2184
56 -186 -403 2172
57 -166 -393 2157
58 -144 -382 2144
59 -123 -372 2129
60 -100 -366 2116
61 -77 -362 2106
62 -54 -361 2097
63 -3 -360 2078
64 24 -366 2074
65 76 -369 2063
66 102 -374 2062
67 125 -381 2062
68 246 -462 2104
69 256 -476 2108
70 264 -490 2113
71 270 -504 2123
72 272 -517 2135
73 272 -532 2147
74 270 -545 2163
75 261 -588 2194
76 255 -607 2215
77 247 -630 2238
78 238 -656 2267
79 231 -680 2295
80 223 -700 2322
81 212 -737 2367
82 206 -754 2389
83 200 -763 2402
84 192 -772 2424
85 184 -785 2445
86 178 -785 2463
87 169 -794 2478
88 158 -796 2494
89 145 -795 2514
90 130 -798 2532
91 116 -798 2550
92 90 -803 2590
93 -128 -411 2332
94 -105 -408 2318
95 -83 -410 2306
96 -35 -418 2292
97 -13 -429 2289
98 13 -442 2285
99 38 -462 2282
100 65 -483 2282
101 93 -511 2280
102 121 -540 2282
103 149 -571 2288
104 176 -605 2287
105 206 -632 2291
106 230 -663 2301
107 254 -693 2304
108 284 -736 2311
109 293 -752 2315
110 296 -764 2319
111 296 -768 2324
112 289 -776 2323
113 278 -779 2330
114 266 -780 2339
115 246 -780 2341
116 227 -776 2345
117 205 -777 2357
118 182 -770 2364
119 161 -766 2366
120 143 -760 2372
121 126 -751 2374
122 112 -748 2375
123 99 -735 2375
124 87 -727 2378
125 75 -716 2381
126 64 -704 2374
127 53 -689 2372
