0 -254 353 1172
1 -299 379 1305
2 -305 373 1331
3 -314 354 1386
4 -319 347 1408
5 -325 342 1429
6 -329 339 1445
7 -332 336 1460
8 -330 332 1474
9 -324 325 1489
10 -315 317 1497
11 -307 308 1503
12 -299 298 1506
13 -294 287 1510
14 -290 274 1515
15 -287 261 1521
16 -284 244 1527
17 -281 227 1534
18 -275 205 1536
19 -270 181 1540
20 -259 125 1543
21 -253 95 1545
22 -249 65 1547
23 -243 36 1546
24 -238 10 1543
25 -233 -12 1540
26 -228 -32 1535
27 -221 -52 1529
28 -215 -72 1522
29 -206 -94 1515
30 -196 -115 1506
31 -183 -135 1496
32 -167 -151 1484
33 -151 -163 1474
34 -131 -172 1459
35 -110 -177 1443
36 -89 -179 1431
37 84 -80 1327
38 102 -56 1318
39 116 -31 1314
40 129 -6 1309
41 140 22 1310
42 147 51 1310
43 151 81 1313
44 152 111 1317
45 148 141 1324
46 140 174 1325
47 130 204 1330
48 118 230 1337
49 88 275 1357
50 72 295 1371
51 54 313 1381
52 36 333 1392
53 17 352 1402
54 -3 370 1411
55 -23 389 1419
56 -44 406 1424
57 -65 423 1430
58 -86 442 1436
59 -128 470 1449
60 -150 480 1457
61 -173 489 1467
62 -197 495 1476
63 -222 499 1481
64 -249 502 1489
65 -301 502 1498
66 -327 500 1503
67 -350 496 1506
68 -476 419 1521
69 -488 404 1522
70 -498 388 1519
71 -506 372 1519
72 -511 337 1516
73 -510 316 1512
74 -509 293 1508
75 -507 267 1507
76 -502 238 1500
77 -495 206 1492
78 -488 174 1485
79 -481 141 1477
80 -473 108 1462
81 -464 49 1444
82 -453 10 1421
83 -447 -22 1409
84 -440 -41 1398
85 -432 -55 1384
86 -425 -68 1374
87 -417 -80 1363
88 -404 -92 1349
89 -389 -104 1332
90 -376 -115 1316
91 -362 -127 1301
92 -350 -139 1287
93 -129 323 1297
94 -152 331 1307
95 -175 335 1319
96 -197 334 1328
97 -219 330 1335
98 -244 322 1347
99 -270 312 1359
100 -296 297 1370
101 -324 277 1384
102 -351 254 1397
103 -380 230 1416
104 -410 204 1432
105 -440 177 1448
106 -492 123 1473
107 -512 100 1482
108 -528 81 1491
109 -539 65 1495
110 -545 53 1496
111 -546 43 1497
112 -542 35 1497
113 -534 28 1495
114 -522 22 1494
115 -506 18 1490
116 -486 15 1482
117 -464 14 1475
118 -442 12 1468
119 -420 12 1458
120 -401 13 1451
121 -383 17 1442
122 -368 21 1433
123 -354 28 1428
124 -341 36 1424
125 -329 47 1420
126 -316 58 1416
127 -294 83 1408
