0 -66 304 1706
1 -226 293 1667
2 -226 293 1667
3 -280 265 1672
4 -302 253 1671
5 -322 244 1671
6 -338 237 1670
7 -352 231 1670
8 -365 225 1675
9 -376 220 1685
10 -383 213 1696
11 -388 206 1709
12 -390 198 1719
13 -392 190 1729
14 -394 178 1737
15 -396 165 1746
16 -400 134 1761
17 -400 134 1761
18 -400 94 1784
19 -400 94 1784
20 -394 45 1808
21 -390 17 1820
22 -385 -10 1833
23 -379 -36 1844
24 -372 -59 1855
25 -364 -80 1865
26 -356 -97 1876
27 -347 -114 1886
28 -338 -130 1899
29 -327 -147 1910
30 -315 -163 1924
31 -301 -178 1942
32 -286 -189 1958
33 -271 -196 1977
34 -255 -198 1998
35 -238 -195 2018
36 -221 -189 2038
37 -114 -38 2172
38 -108 -10 2183
39 -106 18 2189
40 -107 46 2193
41 -110 76 2198
42 -114 105 2196
43 -120 136 2194
44 -127 166 2189
45 -138 195 2176
46 -148 223 2163
47 -162 246 2147
48 -174 268 2128
49 -205 301 2088
50 -221 313 2068
51 -236 322 2045
52 -254 336 2027
53 -269 347 2004
54 -282 358 1980
55 -295 368 1957
56 -307 379 1932
57 -330 398 1883
58 -340 406 1859
59 -350 413 1835
60 -361 417 1814
61 -372 418 1792
62 -382 417 1769
63 -393 413 1747
64 -403 408 1722
65 -419 394 1672
66 -426 385 1647
67 -430 373 1622
68 -446 248 1517
69 -444 230 1510
70 -442 214 1509
71 -437 197 1507
72 -432 179 1508
73 -425 161 1515
74 -418 140 1522
75 -408 117 1530
76 -398 92 1542
77 -385 65 1554
78 -370 37 1567
79 -355 9 1581
80 -339 -19 1595
81 -293 -94 1625
82 -293 -94 1625
83 -278 -114 1635
84 -262 -132 1645
85 -247 -145 1654
86 -232 -157 1662
87 -204 -173 1682
88 -204 -173 1682
89 -169 -184 1711
90 -150 -190 1725
91 -132 -194 1740
92 -114 -200 1754
93 -180 300 1854
94 -192 300 1831
95 -204 296 1811
96 -214 288 1791
97 -223 276 1770
98 -233 262 1751
99 -243 243 1730
100 -255 221 1706
101 -268 194 1686
102 -282 163 1667
103 -295 130 1648
104 -320 59 1613
105 -331 24 1596
106 -341 -9 1580
107 -350 -39 1569
108 -356 -64 1561
109 -361 -84 1555
110 -363 -99 1551
111 -363 -110 1552
112 -361 -118 1557
113 -352 -125 1577
114 -345 -124 1592
115 -345 -124 1592
116 -337 -121 1610
117 -318 -110 1648
118 -308 -103 1668
119 -298 -97 1686
120 -291 -88 1703
121 -284 -78 1716
122 -284 -78 1716
123 -273 -56 1737
124 -270 -42 1747
125 -266 -28 1756
126 -264 -14 1765
127 -261 1 1772
