0 -35 276 2021
1 103 279 2073
2 128 272 2088
3 155 256 2096
4 178 242 2105
5 215 225 2122
6 229 223 2128
7 241 216 2130
8 253 206 2127
9 263 199 2126
10 269 183 2117
11 273 172 2111
12 275 161 2107
13 277 147 2104
14 280 134 2105
15 282 119 2103
16 283 101 2105
17 285 80 2103
18 284 58 2104
19 282 32 2105
20 278 3 2102
21 274 -26 2105
22 270 -55 2106
23 264 -85 2105
24 258 -114 2105
25 249 -137 2105
26 233 -178 2099
27 223 -198 2096
28 213 -218 2093
29 202 -238 2089
30 190 -259 2081
31 177 -278 2068
32 162 -293 2054
33 148 -306 2036
34 135 -314 2016
35 120 -319 1993
36 106 -321 1970
37 34 -236 1773
38 33 -216 1749
39 36 -193 1728
40 39 -170 1711
41 46 -145 1697
42 53 -118 1687
43 62 -92 1679
44 71 -63 1674
45 82 -33 1672
46 94 0 1677
47 106 28 1682
48 120 55 1690
49 149 97 1712
50 164 117 1729
51 179 137 1747
52 194 157 1761
53 207 178 1782
54 218 196 1797
55 228 215 1814
56 237 236 1833
57 246 254 1849
58 255 275 1867
59 263 291 1884
60 271 308 1904
61 279 321 1924
62 287 330 1945
63 301 349 2001
64 305 352 2022
65 315 363 2079
66 317 366 2106
67 318 366 2130
68 311 312 2272
69 306 297 2279
70 300 285 2292
71 295 271 2301
72 289 254 2303
73 283 237 2309
74 274 216 2312
75 254 170 2317
76 243 138 2316
77 229 109 2316
78 215 78 2314
79 199 47 2313
80 182 15 2311
81 150 -38 2310
82 135 -61 2312
83 120 -81 2311
84 104 -101 2308
85 90 -116 2301
86 76 -128 2297
87 62 -139 2288
88 48 -150 2281
89 32 -162 2270
90 15 -173 2257
91 -19 -194 2232
92 -36 -204 2219
93 96 200 1914
94 105 209 1936
95 113 213 1960
96 119 215 1986
97 124 210 2010
98 131 206 2038
99 139 199 2071
100 147 187 2100
101 156 168 2137
102 164 150 2172
103 172 128 2211
104 179 106 2246
105 179 106 2246
106 185 82 2277
107 195 38 2333
108 200 2 2375
109 201 -11 2390
110 201 -22 2400
111 199 -30 2400
112 196 -42 2393
113 192 -48 2386
114 189 -57 2371
115 184 -61 2357
116 178 -66 2333
117 171 -72 2312
118 165 -75 2296
119 159 -77 2275
120 151 -78 2257
121 147 -77 2246
122 143 -74 2224
123 140 -68 2208
124 138 -62 2194
125 137 -52 2176
126 136 -43 2163
127 136 -35 2145
