0 -71.4486 -491.895 2556.24
1 -67.2847 -474.912 2536.29
2 -62.1722 -462.724 2532.43
3 -53.1405 -455.818 2510.79
4 -49.8272 -449.955 2505.84
5 -35.2691 -439.201 2500.7
6 -19.9814 -425.259 2501.8
7 -3.85602 -411.055 2499.71
8 11.699 -382.575 2495.26
9 26.445 -348.02 2505.46
10 43.7591 -305.51 2503.88
11 63.9911 -256.611 2513.4
12 82.0215 -203.156 2516.98
13 99.3528 -149.587 2512.97
14 108.979 -102.271 2517.52
15 118.854 -33.3813 2507.16
16 120.899 -6.76961 2505.52
17 120.273 34.8577 2501.07
18 118.884 70.3912 2482.25
19 110.907 101.377 2473.27
20 101.518 129.659 2459.18
21 91.169 156.756 2448.79
22 84.6206 171.68 2438.21
23 64.2628 213.455 2412.15
24 47.3872 241.914 2396.01
25 39.3869 256.064 2384.28
26 23.5419 284.144 2364.85
27 4.88623 308.705 2347.63
28 -15.3202 330.255 2331.39
29 -36.6396 348.511 2313.43
30 -49.0652 357.161 2303.27
31 -73.2342 369.818 2290.9
32 -95.4994 380.46 2273.55
33 -125.542 385.032 2256.87
34 -154.237 389.812 2242.66
35 -186.382 392.934 2230
36 -221.064 392.643 2209.91
37 -242.319 391.452 2201.89
38 -277.551 390.427 2185.75
39 -315.19 387.641 2178.21
40 -350.784 381.189 2164.45
41 -386.466 373.928 2151.79
42 -405.821 369.705 2146.48
43 -438.421 359.328 2135.99
44 -466.892 344.129 2120.28
45 -492.8 324.201 2097.55
46 -519.03 302.496 2084.29
47 -536.937 276.673 2064.46
48 -553.175 251.039 2046.67
49 -559.207 237.7 2037.93
50 -565.282 209.528 2018.37
51 -565.823 182.057 1999.01
52 -559.948 153.985 1975.6
53 -537.452 109.781 1942.55
54 -527.581 94.9258 1932.21
55 -489.31 50.4323 1904.19
56 -456.324 23.3794 1889.88
57 -419.573 -2.57233 1875.97
58 -399.387 -15.5121 1874.33
59 -357.026 -39.1541 1867.14
60 -310.956 -60.5226 1865.31
61 -260.981 -78.6852 1859.65
62 -205.325 -92.2069 1861.42
63 -175.727 -96.9429 1869.58
64 -117.281 -102.635 1877.71
65 -59.3649 -104.542 1884.06
66 -0.996609 -101.332 1895.88
67 27.8076 -96.5264 1908.3
68 104.853 -79.6741 1935.14
69 155.013 -62.8597 1963.48
70 200.713 -45.6523 1993.47
71 262.541 -18.595 2041.36
72 284.491 -7.48565 2065.75
73 347.222 25.2657 2122.39
74 384.606 47.7282 2155.47
75 404.204 61.347 2175.66
76 439.573 83.8262 2213.26
77 471.612 105.693 2244.95
78 499.215 127.569 2281.93
79 525.479 147.347 2321.76
80 536.14 156.159 2336.6
81 558.168 172.949 2374.66
82 577.65 185.87 2414.63
83 595.472 196.731 2448.04
84 605.08 201.497 2470.87
85 624.97 206.103 2507.93
86 641.84 207.05 2543.71
87 661.707 203.062 2572.82
88 683.99 195.166 2610.35
89 710.57 174.641 2631.95
90 736.388 152.822 2651.14
91 765.745 121.07 2675.2
92 794.555 81.3322 2681.79
93 821.773 43.2941 2685.34
94 833.643 22.507 2685.39
95 864.998 -36.4575 2681.95
96 886.386 -91.4666 2664.1
97 895.479 -106.816 2658.07
98 902.801 -138.712 2643.4
99 910.545 -166.107 2621.68
