0 210.372 31.0042 1175.22
1 208.906 29.7685 1204.81
2 207.398 24.6533 1218.65
3 205.947 22.2184 1222.88
4 202.654 17.0845 1235.64
5 192.463 14.9069 1252.83
6 182.065 15.9591 1270.31
7 170.629 19.3288 1292.8
8 160.163 27.7214 1320.34
9 149.06 45.4483 1352.55
10 137.392 67.4314 1393
11 124.162 95.9055 1435.28
12 111.662 128.106 1474.61
13 102.802 158.619 1516.09
14 97.3873 201.691 1580.18
15 97.8856 226.411 1621.83
16 99.6193 237.754 1639.4
17 105.539 257.124 1676.71
18 115.438 270.778 1709.91
19 129.487 280.774 1740.49
20 145.574 288.256 1769.93
21 163.871 294.286 1795.82
22 174.974 297.074 1807.87
23 206.009 306.381 1846.04
24 228.168 313.417 1875.18
25 241.248 316.782 1891.1
26 265.311 324.057 1915.66
27 292.649 329.516 1940.25
28 320.551 332.699 1959.01
29 349.039 335.537 1975.52
30 364.56 334.485 1978.71
31 394.648 334.22 1986.68
32 423.598 333.329 1994.87
33 453.396 329.815 2000.59
34 484.594 325.569 2005.51
35 519.877 321.651 2005.34
36 557.691 317.677 2006.44
37 596.934 312.853 2002.82
38 617.539 311.075 2000.78
39 654.359 304.927 1993.27
40 692.885 298.407 1988.28
41 731.432 292.079 1984.75
42 768.233 283.523 1982.05
43 788.822 280.172 1981.08
44 820.775 265.012 1968.94
45 852.131 245.843 1957.66
46 879.826 222.71 1938.47
47 904.151 195.326 1923.87
48 926.415 166.951 1908.76
49 931.288 151.319 1899.36
50 940.88 118.307 1887.23
51 945.595 84.5207 1873.81
52 942.288 49.6552 1864.01
53 929.954 -2.79869 1848.34
54 924.403 -21.2225 1848.86
55 891.99 -74.0525 1837.26
56 863.413 -109.045 1834.32
57 827.295 -141.843 1827.37
58 786.644 -172.273 1825.24
59 766.596 -186.704 1826.5
60 718.929 -213.221 1821.59
61 671.281 -236.022 1818.76
62 618.797 -254.774 1820.85
63 588.167 -262.515 1823.93
64 533.867 -274.032 1832.26
65 479.545 -279.97 1838.94
66 422.217 -280.239 1848.34
67 391.32 -277.735 1860.32
68 307.034 -261.958 1882.27
69 247.195 -241.423 1901.26
70 192.426 -218.231 1909.81
71 120.082 -180.732 1929.72
72 73.2104 -152.596 1941.17
73 25.2862 -120.542 1957.7
74 -21.3897 -87.4535 1964.61
75 -63.2469 -52.1084 1972.27
76 -87.2609 -32.6505 1979.82
77 -129.993 5.46163 1988.9
78 -169.541 45.159 1995.12
79 -208.594 83.2781 1994.76
80 -224.624 101.358 1983.04
81 -256.001 134.833 1973.15
82 -283.768 167.017 1967.32
83 -296.189 182.007 1954.43
84 -322.604 211.441 1943.38
85 -350.12 239.044 1936.07
86 -377.412 262.704 1921.15
87 -406.89 281.521 1907.78
88 -437.284 295.398 1892.23
89 -470.36 300.642 1873.22
90 -504.24 299.174 1847.29
91 -539.749 290.232 1824.14
92 -574.544 273.988 1799.08
93 -605.952 253.271 1771.33
94 -623.485 241.406 1759.64
95 -662.004 199.86 1723.96
96 -684.795 150.738 1693.26
97 -691.72 133.17 1688.7
98 -695.931 96.0918 1676.65
99 -694.536 57.1778 1669.76
