0 516.171 -529.282 2320.64
1 492.915 -521.032 2339.19
2 482.979 -518.358 2344.61
3 473.019 -515.752 2350.24
4 459.227 -514.112 2350.58
5 443.291 -505.551 2356.41
6 424.373 -492.476 2353.8
7 406.893 -473.802 2354.15
8 388.365 -453.744 2363.9
9 368.464 -419.213 2381.44
10 348.183 -380.072 2396.53
11 330.231 -335.071 2413.59
12 308.372 -281.256 2432.33
13 291.333 -235.411 2459.52
14 265.843 -171.554 2484.42
15 248.471 -134.003 2521.25
16 241.399 -115.769 2530.51
17 225.654 -86.8776 2556.03
18 210.25 -65.5434 2591.48
19 196.84 -51.9717 2615.85
20 186.388 -42.1071 2653.31
21 176.013 -36.2498 2683.06
22 164.408 -28.1372 2720.1
23 156.458 -21.4032 2750.76
24 148.321 -19.2889 2767.98
25 0 0 -1000
26 0 0 -1000
27 0 0 -1000
28 119.782 -6.69291 2911.81
29 114.084 -7.13696 2963.17
30 0 0 -1000
31 0 0 -1000
32 115.718 -34.5455 3050.52
33 119.417 -44.3413 3071.99
34 123.794 -62.3477 3085.64
35 132.61 -84.8456 3127.92
36 0 0 -1000
37 148.607 -115.37 3169.22
38 163.169 -143.918 3184.84
39 0 0 -1000
40 0 0 -1000
41 0 0 -1000
42 0 0 -1000
43 0 0 -1000
44 0 0 -1000
45 0 0 -1000
46 0 0 -1000
47 0 0 -1000
48 0 0 -1000
49 0 0 -1000
50 0 0 -1000
51 0 0 -1000
52 0 0 -1000
53 0 0 -1000
54 0 0 -1000
55 0 0 -1000
56 0 0 -1000
57 76.5187 -694.355 3164.51
58 51.4793 -700.361 3123.12
59 32.8132 -701.779 3087.4
60 0 0 -1000
61 -27.925 -691.553 2992.3
62 -42.7191 -685.56 2963.57
63 -69.7397 -665.733 2911.82
64 -98.1043 -643.839 2864.21
65 -122.359 -614.847 2809.54
66 -147.405 -580.626 2765.01
67 -158.91 -560.359 2742.67
68 -187.333 -498.125 2686.32
69 -204.399 -451.431 2649.59
70 -217.74 -406.076 2619.41
71 -232.599 -337.702 2572.21
72 -240.394 -287.691 2549.47
73 -246.185 -234.368 2529.43
74 -246.321 -185.835 2508.4
75 -248.597 -133.142 2487.94
76 -247.937 -104.84 2484.87
77 -244.821 -48.6309 2469.7
78 -237.295 4.50474 2449.98
79 -227.451 52.339 2422.29
80 -220.456 75.504 2409.47
81 -206.311 117.957 2391.42
82 -192.015 156.313 2361.53
83 -177.336 192.079 2345.81
84 -167.777 211.568 2333.98
85 -150.083 243.349 2305.37
86 -135.048 272.167 2282.74
87 -120.345 294.804 2251.04
88 -102.115 319.154 2196.84
89 -96.6457 324.113 2174.2
90 -88.8009 328.217 2131.21
91 -84.6134 325.517 2084.95
92 -83.8027 315.341 2037.57
93 -85.1424 300.164 1991.1
94 -88.0616 281.981 1945.59
95 -93.9901 258.638 1904.69
96 -108.021 218.022 1857.82
97 -115.397 202.046 1846.69
98 -129.069 169.704 1828.12
99 -145.735 134.17 1816.13
