193.615
190.402
194.371
188.497
190.551
193.525
197.72
199.852
199.367
208.03
204.936
210.515
210.326
205.861
209.457
205.877
206.427
207.684
202.934
205.645
206.18
209.332
208.434
206.781
206.637
204.268
203.229
202.949
203.176
202.97
202.05
206.164
204.767
204.852
207.022
208.036
204.871
203.789
202.705
206.807
206.09
206.914
207.977
209.907
209.257
204.76
208.402
206.662
209.009
210.249
211.405
211.753
210.444
206.816
206.136
204.225
204.452
204.596
207.678
207.924
210.097
207.324
208.039
212.73
213.348
209.16
206.716
209.226
205.097
206.615
206.868
207.477
213.254
216.498
213.673
214.504
214.006
209.129
208.141
209.047
206.014
206.445
207.642
206.098
207.855
208.224
207.45
204.24
208.237
205.585
202.763
207.484
203.675
200.798
198.43
195.202
194.666
195.67
199.515
202.492
