207.322
208.963
210.356
210.564
208.885
212.617
210.663
207.836
210.71
212.637
212.396
213.001
211.388
214.515
206.181
212.947
208.916
205.569
209.278
205.94
208.948
208.313
209.69
207.897
205.979
-------
-------
-------
204.307
212.505
-------
-------
218.016
210.61
199.828
208.542
-------
201.94
193.366
-------
-------
-------
-------
-------
-------
-------
-------
-------
-------
-------
-------
-------
-------
-------
-------
-------
-------
202.648
205.016
199.774
-------
204.915
202.716
200.979
204.268
201.557
201.438
202.323
205.228
206.483
207.746
206.815
209.104
214.23
214.28
215.733
222.227
225.766
225.459
220.59
219.385
219.455
213.71
216.41
215.411
212.48
215.409
214.403
212.897
211.703
211.663
211.847
212.269
213.136
212.363
211.972
211.991
212.47
212.519
212.493
