211.546
211.484
211.054
209.742
211.04
210.018
210.894
211.183
211.585
211.313
214.13
214.836
212.046
211.748
212.784
212.984
211.101
211.147
210.523
210.436
211.182
210.332
209.666
208.629
210.866
212.771
213.155
214.775
213.743
212.759
210.446
207.487
206.989
206.958
207.849
207.283
208.952
208.708
208.955
205.77
206.79
209.238
213.069
216.876
215.052
215.666
212.482
212.647
212.836
210.082
209.357
208.198
207.61
207.211
211.192
212.233
215.123
213.38
214.697
217.46
214.874
212.767
211.845
211.539
213.554
212.357
211.304
215.68
216.432
217.915
213.889
215.071
215.275
218.469
216.244
215.063
217.69
220.621
223.834
224.838
216.017
212.403
213.025
205.946
204.648
206.992
206.447
207.971
209.494
211.087
209.321
211.163
212.505
211.434
213.39
213.921
210.539
213.253
212.034
211.231
